369.9037717397122
279.83925365025806
315.67756721284155
46.14038916991292
201.55405977937656
510.2677138495686
772.7785084852788
459.9071923561913
968.8808855091132
137.70678165315132
367.5184880945319
584.6472240900426
522.7179334840196
337.1938119510838
620.2695785151848
563.3380185789919
692.490711994398
587.8308696046613
708.4340026923143
307.6615440141102
675.5699674320291
112.36076922154648
285.0515190877061
402.24601992714025
230.79398115509298
71.6950306241293
338.7991055070008
925.5315267291004
134.83195684787285
279.6058385989234
308.9656842825698
20.910063363257624
586.6269367577854
664.7871154414919
717.71092495429
947.262714296949
597.6055359512908
270.42088277321
967.8795490735785
779.8121976220959
903.5705559297977
999.3307605065461
535.4431514679611
722.3722866994019
530.396869710322
567.7936891855363
859.3510298139195
331.87028388700526
178.52804336599448
802.5462049133135
598.7282542602293
165.66840110629033
454.7650792629491
390.39795218024756
66.13916100692019
322.51037633725844
152.80926712606424
287.92198068575425
237.6624137481774
0.5843061510892866
600.6253095074755
896.8547354332509
607.8920122562134
77.78122790807384
225.39587672814554
710.4933161899247
249.16469043191336
428.1180780527732
277.34215461960366
28.678577503445936
869.2395925806958
829.7799846798741
641.9929950962296
693.0081080069099
106.06274134834115
313.00112570227554
44.54784742180695
257.0806863822619
938.9382589714644
541.8805625499658
7.486740671645453
483.49487551240975
128.2394526204289
0.336844550117843
3.405241132805936
414.7769512728593
520.9512783348038
886.5306552163328
431.0691179567532
464.5569977496653
492.42869500133867
460.5502147391853
13.950763389915855
694.5915942300963
809.6707248053514
343.5817275665799
318.1029413777796
240.63498388885495
146.11925806740445
319.1136400403275
